Testing results for Web_portal
SXFM is available at https://github.com/smartSE/constraintAnalysis/blob/BDE/SXFM_Parser/GenerateSXFMParser/Web_portal_FM.xml

=======
basic = x(1);
advanced = x(2);
images = x(3);
html = x(4);
dynamic = x(5);
reports = x(6);
popups = x(7);
ban_img = x(8);
ban_flash = x(9);
keyword = x(10);
db = x(11);
file = x(12);
nttp = x(13);
ftp = x(14);
https = x(15);
static = x(16);
asp = x(17);
php = x(18);
jsp = x(19);
cgi = x(20);
xml = x(21);
database = x(22);
data_storage = x(23);
data_transfer = x(24);
user_auth = x(25);
ms = x(26);
sec = x(27);
min = x(28);
x(29) = logging;
x(30) = protocol;
x(31) = active;
x(32) = persistence;
x(33) = ri;
x(34) = performance;
x(35) = cont;
x(36) = web_server;
x(37) = banners;
x(38) = ad_server;
x(39) = text;
x(40) = site_search;
x(41) = site_stats;
x(42) = add_services;
x(43) = web_portal;
==========
Feature#	COST	USED BEFORE	DEFECTS
1	7.888572049	1	8.066566626
2	10.93086995	1	1.942698253
3	6.684987021	0	0
4	13.52520626	0	0
5	14.68642191	0	0
6	9.340403953	0	0
7	9.89326543	1	1.361783176
8	14.58729453	0	0
9	7.296532893	1	0.0746919
10	7.730065287	0	0
11	12.72689419	0	0
12	14.916145	0	0
13	8.616938922	1	6.580294186
14	13.92549895	0	0
15	11.77719039	0	0
16	13.18365797	1	2.837515039
17	6.332289558	1	2.903329549
18	11.70262551	0	0
19	11.44764422	0	0
20	13.5109713	1	8.7065874
21	8.103016311	0	0
22	13.74577863	0	0
23	12.59327149	0	0
24	5.402284779	1	1.919185557
25	7.423483223	0	0
26	9.432045135	1	8.40567297
27	8.234599091	0	0
28	8.477749047	1	0.073745166
29	5.414202822	1	9.501095459
30	9.489951458	0	0
31	7.807904962	1	0.894365862
32	12.12667179	0	0
33	5.005025505	0	0
34	14.53255033	0	0
35	13.05008632	1	7.987267126
36	6.868190654	1	9.097968067
37	11.37001474	1	0.396693738
38	5.388158542	1	3.279063662
39	14.03277534	1	5.103147689
40	9.686296942	0	0
41	8.528072554	0	0
42	12.80805975	0	0
43	9.37072505	1	4.326950037
=======
%f(1) is total cost
%f(2) is number of  feature that were NOT used before
%f(3) is total number of known defects
%f(4) is # of rule violations
%f(5) is # of feature NOT provided

226.089371861568	15	33.7477022961393	0	21
184.736209715444	11	14.6165055381663	1	26
239.528788689899	15	37.3982265912565	1	18
160.843232977611	7	18.2730806020956	2	27
206.756879371738	14	21.4786596004675	2	22
314.243723048671	15	63.8891554267031	1	12
261.775573731010	14	38.8939233912526	1	17
199.820518313576	9	53.4172873118722	1	23
315.381239159465	17	56.9541686935820	0	12
275.208334478521	13	55.4853679767345	1	17
256.781920984330	13	47.6252307252037	1	19
254.091880396858	11	62.9499779609706	2	17
252.595747614835	14	39.8087292831724	1	19
173.288290214457	12	22.4594199664828	1	25
294.307036141335	15	65.4987176808553	0	14
210.073546467529	13	25.7568270798280	1	21
176.099440894089	9	30.1169801061603	0	26
227.161141458196	13	21.0368362995706	1	22
222.357356273980	14	22.4122594355715	0	21
267.921634846357	15	46.0045343092270	0	18
273.236034219722	18	38.8107538656120	1	16
243.287659029200	12	66.7955777330295	1	18
251.640587188924	13	44.9920303286976	0	18
197.253000543215	11	46.8134804290912	0	22
182.603073913070	10	27.2650368515119	0	25
230.039756684710	13	30.3538131367632	1	21
148.518973207584	10	20.9720013180904	1	28
191.902329902871	9	54.2924618966587	4	23
274.723855102984	15	51.0838297289429	2	16
292.751621716230	17	51.3584377878195	1	13
264.475441200863	13	55.6168037758304	1	18
181.649502255406	11	32.3280364785146	0	25
165.930784222312	12	28.0193968487069	2	25
239.253421190967	16	34.1615005397907	0	19
240.807770147294	13	40.8691984757481	1	19
294.831701303999	17	61.1403218430535	1	14
307.064552068947	16	62.6706036930439	1	12
280.656068125516	17	30.4567458528985	1	16
236.094451962049	11	49.6305729958733	0	20
236.681050292013	11	66.1535241065634	0	19
218.918476598026	14	25.6830819139315	2	21
194.480994492647	14	19.9995569541902	1	24
272.219270847970	16	47.8720960816692	1	17
169.944142834837	12	25.3086828203230	2	26
217.035373133010	12	34.7199024297968	2	21
136.211242618002	9	7.15240931039389	1	29
290.658178463183	15	64.9924945041927	1	13
242.884562060535	12	60.6061234413308	2	18


